960.5 1014.0
1005.1336538152881 1011.6608493222527
1049.2782919791832 1004.6690255133351
1092.4502565981024 993.1011324580306
1134.1765465933668 977.0839104133906
1174.0 956.7928474159553
1211.484302728886 932.4502565981026
1246.2187689152324 904.3228404788474
1277.8228404788474 872.7187689152324
1305.9502565981024 837.9843027288861
1330.2928474159553 800.5
1350.5839104133906 760.6765465933667
1366.6011324580306 718.9502565981026
1378.1690255133349 675.7782919791832
1385.1608493222527 631.633653815288
1387.5 587.0
1385.1608493222527 542.3663461847119
1378.169025513335 498.2217080208168
1366.6011324580306 455.04974340189744
1350.5839104133906 413.3234534066333
1330.2928474159553 373.5000000000001
1305.9502565981024 336.01569727111405
1277.8228404788474 301.2812310847675
1246.2187689152324 269.6771595211527
1211.4843027288862 241.5497434018975
1174.0 217.20715258404465
1134.1765465933668 196.91608958660947
1092.4502565981027 180.89886754196942
1049.2782919791832 169.33097448666496
1005.1336538152882 162.33915067774728
960.5 160.0
915.8663461847119 162.33915067774728
871.7217080208167 169.330974486665
828.5497434018976 180.89886754196937
786.8234534066333 196.91608958660942
747.0 217.2071525840447
709.515697271114 241.54974340189744
674.7812310847676 269.67715952115265
643.1771595211526 301.28123108476757
615.0497434018976 336.01569727111394
590.7071525840447 373.4999999999998
570.4160895866094 413.32345340663335
554.3988675419694 455.0497434018974
542.830974486665 498.22170802081655
535.8391506777473 542.366346184712
533.5 586.9999999999999
535.8391506777473 631.6336538152879
542.830974486665 675.7782919791832
554.3988675419694 718.9502565981024
570.4160895866094 760.6765465933665
590.7071525840447 800.5
615.0497434018973 837.984302728886
643.1771595211526 872.7187689152322
674.7812310847676 904.3228404788474
709.5156972711138 932.4502565981024
746.9999999999998 956.7928474159552
786.8234534066333 977.0839104133906
828.5497434018973 993.1011324580306
871.7217080208165 1004.669025513335
915.866346184712 1011.6608493222527
960.4999999999999 1014.0
1005.1336538152877 1011.6608493222527
